20371534
6429473
24052322
23815673
24055003
24055381
24056039
24057518
24057546
24057614
24057676
24057695
24057715
24057735
24057743
24057812
24057900
24058023
24061272
24298969
24073338
24077643
24295103
24309381
24495689
24500200
24339676
24396874
24412753
24415362
24415364
24415442
24415458
24415459
24415498
24415499
24415503
24415504
24415506
24415557
24415562
24415639
24415642
24415664
24415682
24415690
24415782
24415850
24415865
24415883
24415890
24415892
24415926
24415941
24415948
24415957
24415979
24415981
24415983
24527066
24416041
24416071
24416076
18361829
24416133
24416134
24416144
24416147
24416175
24416230
24416237
24416268
24416280
24416281
24416282
24416359
24416395
24416396
24416399
24416426
24416427
24416429
24416455
24416457
24416462
24416488
24416494
24416529
24416530
24416536
24416537
24416539
24416561
24416562
24416583
24416587
24416591
24416645
24416690
24416718
24416746
24416747
24417523
24417524
24417786
24418058
24418178
24418194
24418197
24418228
23359008
24418285
24418286
24418287
24418288
24418289
24418292
24428935
24439373
24421505
24464295
24422660
24422661
24422662
24422664
24422666
24422668
24422671
24422674
24422675
24422676
24422678
24422680
24422682
24422683
24502172
24423575
24423577
24423580
24436386
24498656
24425931
24426100
24426231
24426285
24427076
24436759
24427488
24427522
24427530
24427535
24427582
24427617
24427621
24427630
24427670
24427678
23975132
24427799
24427870
24427902
24427940
24427941
24427942
24427978
24427981
24427996
24428010
24428071
24428126
24428132
24428136
24428159
24428167
24428174
24428177
24615115
24428222
24428236
24428242
24428269
24428274
24428300
24428303
24428340
24428342
24428345
24428354
24428355
24428368
22781754
24428410
24428425
24428506
24428520
24428525
24428606
24428609
24428626
24428676
24428696
24428711
24428751
24428781
23343113
24428784
24428789
24428797
24428803
24428807
24428813
24428821
24428824
24428883
24428919
24428933
24429006
24429030
24429031
24429047
24429094
24429097
24429144
24429249
24429264
24429269
24429311
22769331
24429319
24429353
24429370
24429383
24429408
24429434
24429559
24429608
24429802
24429805
24429821
24429864
24429891
24429915
24429926
24429928
24429983
24430059
24430066
24430080
24430105
24430113
24430171
24430188
24430218
24430227
24430253
24497421
24430288
24430297
24430308
24430314
24430359
24389369
24430379
24430424
24430460
24430476
24430510
24430528
24430536
24430570
24430621
24430622
24430650
24430653
24430692
24430723
24430739
24430806
24430882
24430903
24430920
24430921
24430931
24430932
24430954
24430964
24431010
24431019
24431028
24431054
24431034
24431035
24431039
24431131
24431136
24431150
24431152
24616034
24431179
24494236
24431180
24431200
24431218
24431219
24431232
24431254
24431291
24431342
24431345
24431356
24431401
24431402
24431419
24431429
24431434
24431437
24431438
24431468
24431482
24431492
24431497
24431522
24431541
24431533
24431582
24431583
24431584
24431643
24431653
24431680
24431699
24431712
24431737
24431756
24431767
24431773
24431775
24431857
24431894
24431913
24431915
24431937
24431959
24431991
24431998
24431999
24432009
24432038
24432079
24432081
24432094
24432100
24432104
24432118
24432182
24432217
24432356
24432376
24432408
24432417
24432444
24432454
24432528
24432537
24432545
24432577
24432637
24432649
24432679
24432701
24432705
24432706
19867710
24432719
24432779
24432770
24432854
24432860
24432887
24432890
24432913
24432927
19679046
24433032
24433100
24433101
24453872
24433145
24433154
24433158
24433163
24433169
24433171
24433176
24433185
24433186
24433193
24433194
24433197
24433202
24433203
24433229
24433272
24433275
24433276
24433299
24499692
24433306
24433331
24433352
24433353
24433355
24433361
24433374
24433395
24433401
24433406
24433416
24433427
24503144
24433442
24433471
24502419
24433475
24433494
24433499
24433536
24433540
24433583
24375923
24433602
24433603
24433610
24433614
24433632
24433633
24433638
24433649
24433655
24433663
24433672
24497261
24433804
24433828
24433831
24433839
24433849
24433852
24433859
24433868
24433878
24433894
24433899
24433911
24433923
24433938
24433941
24433944
24433966
24433975
24433978
24433983
24433997
24433998
24434014
24434018
24434025
24434035
24434046
24434058
24434068
24434075
24434083
24434097
24434101
24434110
24434130
24434145
24434148
24434193
24434208
24434212
24434228
24434230
24434242
24434247
24434269
24434274
24434275
24434281
24434312
24434314
24434315
24434322
24434349
24434367
24434379
24434390
24434391
24434425
24434430
24434431
24434437
24434439
24434491
24434508
24444408
24434519
24434530
24434532
24434536
24434553
24434579
24434595
24434612
24434615
24434632
24434640
24434660
24434666
24434671
24434713
24434721
24434747
24434748
24434749
24434751
24434756
24434758
24434760
24434768
24434769
24434813
24434827
24434829
24434832
24434901
24434920
24434935
24434965
24434969
24435078
24435084
24435099
24435103
24435129
24504415
24435145
24435181
24435189
24435200
24435211
24435224
24435240
24435244
24435287
24435290
24435295
24435296
24435297
24435314
24435315
24435352
24435403
24435413
24435418
24435453
24435455
24435469
24435471
24435482
24435485
24435487
24435502
24435528
24435530
24435569
24435634
24435639
24435650
24435702
24435708
24435715
24435719
24435722
24435727
24435740
24435760
21148679
24435765
24464334
24495766
24435786
24435810
24435811
24435812
24435819
24435842
24435865
24435891
24435896
24435911
24435913
24435920
24435925
24435940
24435966
24435980
24435988
24435989
24435992
24436036
24436045
24436063
24436065
24436071
24436078
24436086
24436099
24436105
24436110
24436119
24436163
24436176
24436198
24436231
24436287
24436296
24436306
24436311
24436321
24436323
24436326
24436355
24436404
24436412
24436429
24436442
24436461
24461786
24436493
24436519
24436528
24436547
24436551
24436561
24436581
24436606
24436628
24436643
24436656
24436672
24436679
24436690
24436714
24436718
24436723
24436766
24436780
24436785
24436787
24436825
24436850
24434833
24436858
24436865
24436867
24436872
24436909
24436910
24613961
24436960
24436978
24436980
24437021
24437046
24442945
24437061
24437130
24437131
24437145
24437150
24437189
24500766
24437207
24437223
24437226
24437234
24437252
24437281
24437287
24437305
24437327
24437331
24437349
17063902
24437354
24437362
24437371
24437388
24437398
24437425
24437428
24437440
24437441
24437442
24437449
24439930
24437450
24437455
24437457
24437460
24437461
24437465
24437474
24437497
24437547
24437553
24437556
24437564
24437592
24437594
24437611
24437618
24437620
24437638
24437639
24437654
24437672
24437685
24437695
24437698
24437701
24437709
24437723
24437743
24437745
24437750
24437761
24437770
24437776
24616731
24437789
24437795
24437820
24437821
24437837
24437845
24437856
24437862
22121265
24437907
24437921
24437927
24437943
24437965
24438011
24438017
24438037
24438042
24438047
24438065
24438066
24438073
24438078
24438084
24438092
20142350
24438165
24438172
24438188
24438201
24438202
24438206
24438209
24438210
24438215
24438240
24438252
24438257
24438258
24438278
24438281
24438301
24438324
24438335
24438350
24438368
24438377
24438437
24438439
24444132
24438442
24438444
24438452
24438466
24438470
24438505
24438513
24438520
24438523
24438543
24444782
24438565
24438566
24438583
24438594
24438616
24438618
24438633
24438649
24438656
24438663
24438706
24438714
24438756
24438763
24438769
24438771
24438798
24438819
24438827
24438831
24438837
24438859
24438860
24438867
24438872
24438874
24438884
24429364
24438892
24438893
24438905
24438923
24438962
24438978
24438989
24438998
24439019
24439030
24439049
24439053
24439054
24439060
24439073
24439080
24439087
24439088
24439216
24439217
24439222
24439262
24439270
24439272
24439274
24439286
24439298
24439299
24439318
24439324
24439362
24439369
24439371
24439384
24439430
24439475
24439490
24497837
24439507
24439518
24439548
24439559
24439574
24439588
24439593
24439608
24439611
24439650
24439660
24439665
24439672
24439692
24439717
24439722
24439725
24439741
24439748
24439754
24439758
24439760
23646550
24439780
24439786
24439799
24439804
24439818
24439842
24439843
24439852
24439893
24439904
24439926
24439956
24439960
24439989
24440000
24440009
24440024
24440043
24440058
24440061
24440067
24440075
24440077
24440090
24440187
24440190
24440200
24440227
24440244
24440250
24440253
24440287
24440290
24440300
24440315
24440318
24440336
24440358
24440370
24440380
24440386
24440393
24440419
24440442
24440452
24440519
24440521
24440541
19557877
24440565
24617066
24440574
24440577
24440588
24440591
24440593
24440614
24440622
24440625
24440631
24440634
24440639
21302270
24440674
24440686
24440694
24440702
24440714
24433221
24440715
24440752
24440753
24440773
24440774
24440776
24440798
24440814
24440823
24440825
24440826
24440842
24440855
24440933
24440935
24440937
24440944
24440953
24440955
24440958
24440960
24440977
24441007
24441013
24441047
24441060
24441061
24441072
24441081
24441086
24441093
24441097
24441098
24441104
24441118
24441124
24441144
24441145
24460171
